-----------------------------------------------------------------------------
                          X64 TRANSLATED BIN CODE                            
-----------------------------------------------------------------------------

- x64 buffer capacity: 4096

49 BC 
00 B0 E8 A8 6A 55 00 00 
49 BD 
00 00 00 00 00 00 69 40 
41 55 
49 BD 
00 00 00 00 00 00 59 40 
41 55 
48 81 C4 
08 00 00 00 00 00 00 00 
48 81 C4 
08 00 00 00 00 00 00 00 
49 BD 
00 00 00 00 00 00 59 40 
41 55 
49 BD 
00 00 00 00 00 00 69 40 
41 55 
F2 0F 10 44 24 00 
F2 0F 10 4C 24 08 
F2 0F 58 C8 
48 81 C4 
08 00 00 00 00 00 00 00 
F2 0F 11 4C 24 00 
48 8D 3C 24 
40 55 
41 52 53 52 51 50 
48 89 E5 
48 83 E4 F0 
E8 
36 B6 59 FF 
48 89 EC 
58 59 5A 5B 41 5A 
40 5D 
48 81 C4 
08 00 00 00 00 00 00 00 
49 BD 
00 00 00 00 00 C4 9B 40 
41 55 
48 8B 00 24 
48 81 C4 
08 00 00 00 00 00 00 00 
49 BD 
00 00 00 00 00 00 00 00 
49 01 C1 
41 55 
48 8D 3C 24 
40 55 
41 52 53 52 51 50 
48 89 E5 
48 83 E4 F0 
E8 
DE B5 59 FF 
48 89 EC 
58 59 5A 5B 41 5A 
40 5D 
48 81 C4 
08 00 00 00 00 00 00 00 
49 BD 
00 00 00 00 00 D0 84 40 
41 55 
F2 0F 10 44 24 00 
48 81 C4 
08 00 00 00 00 00 00 00 
49 BD 
7B 00 00 00 00 00 00 00 
49 C1 E5 
08 
49 01 D1 
F2 41 0F 11 45 00 
49 BD 
00 00 00 00 00 40 59 40 
41 55 
48 8B 00 24 
48 81 C4 
08 00 00 00 00 00 00 00 
49 BD 
00 00 00 00 00 00 00 00 
49 01 C1 
41 55 
48 8D 3C 24 
40 55 
41 52 53 52 51 50 
48 89 E5 
48 83 E4 F0 
E8 
52 B5 59 FF 
48 89 EC 
58 59 5A 5B 41 5A 
40 5D 
48 81 C4 
08 00 00 00 00 00 00 00 
48 81 EC 
08 00 00 00 00 00 00 00 
48 8D 3C 24 
40 55 
41 52 53 52 51 50 
48 89 E5 
48 83 E4 F0 
E8 
4C B5 59 FF 
48 89 EC 
58 59 5A 5B 41 5A 
40 5D 
48 8D 3C 24 
40 55 
41 52 53 52 51 50 
48 89 E5 
48 83 E4 F0 
E8 
F6 B4 59 FF 
48 89 EC 
58 59 5A 5B 41 5A 
40 5D 
48 81 C4 
08 00 00 00 00 00 00 00 
49 BD 
00 00 00 00 00 00 59 40 
41 55 
49 BD 
00 00 00 00 00 00 49 40 
41 55 
F2 0F 10 44 24 00 
F2 0F 10 4C 24 08 
F2 0F 5C C8 
48 81 C4 
08 00 00 00 00 00 00 00 
F2 0F 11 4C 24 00 
48 8D 3C 24 
40 55 
41 52 53 52 51 50 
48 89 E5 
48 83 E4 F0 
E8 
8F B4 59 FF 
48 89 EC 
58 59 5A 5B 41 5A 
40 5D 
48 81 C4 
08 00 00 00 00 00 00 00 
49 BD 
00 00 00 00 00 00 37 40 
41 55 
49 BD 
00 00 00 00 00 00 10 40 
41 55 
F2 0F 10 44 24 00 
F2 0F 10 4C 24 08 
F2 0F 5E C8 
48 81 C4 
08 00 00 00 00 00 00 00 
F2 0F 11 4C 24 00 
48 8D 3C 24 
40 55 
41 52 53 52 51 50 
48 89 E5 
48 83 E4 F0 
E8 
28 B4 59 FF 
48 89 EC 
58 59 5A 5B 41 5A 
40 5D 
48 81 C4 
08 00 00 00 00 00 00 00 
C3 
C3 
